1532032132012162142030442242160442001662232030441060450131362162222032140442
1022022322521404420221621321622204422321022404416621420322406204420121621522
3203201224203224225222044166202210220210223201210215205044203213210224064044
1252252102230442012162152052252030442132102002032222160132232032140620442152
1621504420121621522616621321321022304421122522322421604421316620121021521016
6044166064044146225223220203215202210223223203044221225210223044213166201225
2230442152162150442132102052252131660442021662202102002252230132162222151662
2220306404414322221621021504420216622021020022522304420121621421421620221604
4203223224044223203202044204203225205210166224064044143203213213203215224203
2232212252030442262162132252242201662240620442252222151660441660132232032142
2020322204420522216622621020216606204420322216622404420322322404422320120321
3203222210223221225203044204203213210223062044166044220216222224224210224216
2220442132102052252131660442131662012252230441662010442022101662140640131412
2521321316621404422621621322522422016622404416604420321321022404422021316620
1203222166224044203205203223224166223064044140166203201203215166223044213166
2012102152101660441662132102212252032240442202252222252230442102020132232252
2320121022021022406404413321522420320520322204421521621504421322520122422522
3044215225215201062044221225210223044203213203214203215224225214044216202210
2160640441462032020442232032020442032132102240442041662012102132102232102230
6201322620321520321516622421022304421520322122520304420322506204416622520122
4216222044202210166214064044124222166223044166201044166201201225214223166215
0442132162222032140640441432222162102150442032250442022102052152102232232102
1401320322216622406404413321522420320520322204421622221516622220304421622220
1210044166224044224216222224216222044222206216215201225223062044210215224203
2222022252140442032052032232241662230442141662052151660442021662202102002252
2306401314116621404421320320122422522304420221016621406204420416622520121020
0225223044221225210223044211225223224216044203225062044223166205210224224210
2230441662012012252142231662150442162022102160640441432222162102150442202222
0322421022521401322521322422221020120322304420321321022406204422522404421021
5224203222202225214044214203224225223044222206216215201225223044210202064044
1522102261662142252230442002102002032152022252140442132032160442142100620442
1021501322020321321320321522420322322122520304421421004422521322422221020120
3223044221225210223064044141225215201044210215044223166205210224224210223044
2141662252222102230620442152162150442042032252052101662240442242252222202102
2306401314016622522221022304420216622021020022522304421021504421522521520104
4166044220225213226210215166222064013013141166214044210214220203222202210203
2240442112252232242160442232012032132032222102232212252030442152102232100442
0121621522320320122420322422522204422022521322621021516622204416620104421021
5044213210200203222216064044126224210166214013202210166214044214210062044226
2162132252242201662240441662010442262102262032222221660442002102002032152022
2521406204420320520322322416622304422620321304421620221021606404412521621520
3201044223203202044226210226203222222166013166225205225203064044122213210221
2251662140442032221662240442262162132252242201662240640441242221662230442252
2404421521022321304421020204422420321321322522304416621321022122520322404420
2166220210200225223064044143222216210215013214166213203223225166202166044215
2102002060442262102241662030442141662232231660442242032142202252230442202061
6622220322422216606404412522521022304416622220122504421522521520106204420420
3222214203215224225214044223216202166213203223013202166220210200225223044203
2052032240620442132162002162222242102230442262032130442152102232130640441512
2404420320520322322416622304421021522420322220222521404422122516621404422321
0224044166214203224044204166201210213210223210223064013146225223220203215202
2102232232030442202162222241660442222252242222252140442152102232100442032250
4422320321422020322206404414622522322020321520221022322320304420322404420522
2166226210202166044210220223225214064044125216215203201013214166224224210223
0442152162150442132102052252131660442212252102230442002102002032152022252140
6404415221022616621422522304422320320204420021020020321520222521404421320320
1224225223064044144225210223221225203044203215210214013214166223223166062044
2012162152232032012242032242252220442152162150442202162232252032222030442032
2406204420416620121021321022321022304416621321022122520322404421320321606404
4143203213213203215224203223221225203013214166213203223225166202166062044202
2162132162220442102020442032052032232241662230442012162142142162022160620442
2316622021020321504422522221516604422220621621520122522304421522521321316606
2044166201044204210215210200225223013226203213210224044215210223210044210202
0442102202232252140640130131462032020442102150442032232240442042222102152052
1021321316606204416620120122521422316621504421320321604420322506204421416622
4224210223044215210223213064044141225213213166214044215203201044226210226203
2222221660442152032212252030640131432032132132032152242032232212252030442262
0321304421421004420216622021020022522306204420021316621520221022404420322322
4044223210224044166214203224062044222225224222225214044202216213216222064044
1252162152032010442131662012102152101660132032252102232142162020442212251662
1404422522404422321620216621320322306404413321522420320520322204422620320621
0201225213166044222210223225223044223210224044166214203224044203213210224044
2242032142202162220620442152162150132012162152052252030442022252100442132162
0021622222421022306404413621622220321404421022022322521404420221621321622204
4223210224044166214203224062044201216215223203201224203224225222044166202210
2202102232012102152050442032132102240640131222032152031662150442232012032132
0322221022322122520304422221022322522304422022521322621021516622204422421021
5201210202225215224044226203223224210200225213225214064044141225213213166044
2152252152010442222102232252230620132132252012242252230442032052032240442252
2221516604416620106204421016620122521321022304421622221516622220304416621522
4203064044144225210223221225203044166224044225213213166214201216222220203222
0442141662052151660640441512240442032240132231662052102242242102230442102202
2322521406204421521621504421416623121021422522304421022022322521406404412521
6215203201044204166201210213210223210223044166225205225203044223210224044166
2142032240442012162152232032212251662240132012162152052252030640441412252132
1316604420320520322322416622304421321020522521316604421321020522521316606204
4166201044214166224224210223044203215210214044201216214214216202216044223203
2020640130131242221662230441660442132162222032140442152102002060640441412252
1321316621404420420322221420321522422521404420121621522320322122516622404420
4203222214203215224225214064044146203202044166201201225214223166215044210215
0442262032132102240132032250442242222102232242102212252030640441252252102230
4416621321022122516621404420322322404421522521321316606204422621022416620304
4214216213213210223044225222215166044214216213213210223044215203201064044143
2061662232032132132252230132102150442132032012242252230442162222012100640441
3321522420322220222521404420322404421416621320322322516620216604420416621420
3223044166201044166215224203044210220223225214044220222210214210223044210215
0442041662252012102002252230640131412252132131662140442262102241662030442202
1316620120322216622404422421622222421622206404413321504422321022404416621420
3224044213166201225223044203213203210204203215202044213210205225213166044220
2222032242102252140132202222032242102252140640130131432061662232032132132252
2304422616622221022522304420021020020321520222521404421522521520104421322520
1224225223044200213166215202210224064044146203202044225213224222210201203223
0442232032140442262032132102240620442152162150132032052032232241662230442222
1022322522304422322522320121022021022404420322506404414122521321316604422021
6223225203222203044203231044225224044223166205210224224210223044214166213203
2232251662021660640441252162152032010132202162222242242102242162220442141662
2422421022304416622520522520304416604420620321520222220322221022406404415220
3223224210200225213225214044204210215210200225223044202210201224225214044203
2222162230620441662010442102152242032222022252140132112252232242160442012162
1522320322122516622404422522406404415122404420320520322404422320321404420121
6215226166213213210223062044213166216222203203224044223203214044223203202062
0442252132131662142012162222202032220442202252222252230640131462252232202032
1520221022322320304422021622420321522421006404414122521520104420420322221420
3215224225214044220216222224166044223225223201210220210224064013013150206203
0441662152232302032220442102231120442242221662012122032020442321662012062240
13
