1061221301201331311220351381330351181171371220350630360110841331361221310351
2613413714013103512113313013313603513712613803511713112213804803512013313213
7122120138122138140136035117121126134126137120126132124035122130126138051035
0751401261370351201331321241401220351301261181221361330111371221310480351321
3313203512013313214111713013012613703512714013713813303513011712012613212611
7035117051035102140137134122132121126137137122035135140126137035130117120140
1370351321331320351301261241401301170351211171341261181401370111331361321171
3612205103508813613312613203512111713412611814013703512013313113113312113303
5122137138035137122121035123122140124126117138051035088122130130122132138122
1371351401220351411331301401381341171380480351401361321170351170111371221311
3412213603512413611714112612111704803512213611713803512213713803513712012213
0122136126137135140122035123122130126137048035117035134133136138138126138133
1360351301261241401301170351301171201401370351171200351211261171310510110861
4013013011713103514113313014013813411713803511703512213012613803513413011712
0122136117138035122124122137138117137051035085117122120122132117137035130117
1201261321261170351171301261351401221380351341401361401370351261210111371401
3712012613412613805103508113213812212412213603513213313203513014012013814013
7035132140132120048035135140126137035122130122131122132138140131035133121126
1330510351021221210351371221210351221301261380351231171201261301261371261370
4801114112213212213211713812613703513212213514012203512214004803511714012013
8133136035121126117131051035074136117137035117120035117120120140131137117132
0351301331361221310510350881361331261320351221400351211261241321261371371261
3101112213611713805103508113213812212412213603513313613211713612203513313612
0126035117138035138133136138133136035136125133132120140137048035126132138122
1361211401310351221241221371381171370351311171241321170351211171341261181401
3705101108611713103513012212013814013703512112611713104803512311714012012611
8140137035135140126137035127140137138133035122140048035137117124126138138126
1370351171201201401311371171320351331211261330510350881361331261320351341361
2213812614013101114013013813612612012213703512213012613804803514013803512613
2138122136121140131035131122138140137035136125133132120140137035126121051035
1051261411171311401370351181261181221321211401310351301221330351311260480351
2613201113412213013012213213812213713514012203513112603514013013813612612012
2137035135140126137051035086140132120035126132035137117124126138138126137035
1311171401361261370480351321331320351231221401241261171380351381401361341261
3705101108511714013612613703512111713412611814013703512613203513214013212003
5117035134140130141126132117136051011011086117131035126131134122136121126122
1380351271401371381330351371201221301221361261371351401220351321261371260351
2013313213712212013812213814013603513414013014112613211713603511712003512613
2035130126118122136133051035076138126117131011121126117131035131126048035141
1331301401381341171380351171200351411261411221361361170351181261181221321211
4013104803512212412213713811713703514112213003513312112613305103507513313212
2120035137122121035141126141122136136117011117140124140122051035072130126135
1401171310351221361171380351411331301401381341171380510350741361171370351401
3803513212613713003512612103513812213013014013703511713012613514012213803512
1117134126118140137051035088136133126132011131117130122137140117121117035132
1261181250351411261381171220351311171371371170351381221311341401370351341251
1713612213813611705103507514012613703511713612014003513214013212004803512312
2136131122132138140131035137133121117130122137011121117134126118140137035122
1241221380480351301331181331361381261370351411221300351321261371300510351041
3803512212412213713811713703512613213812213612114013103513514011713103513712
6138035117131122138035123117120126130126137126137051011102140137134122132121
1261371371220351341331361381170351361401381361401310351321261371260351221400
3513712213113412213605103510214013713412213212112613713712203512213803512413
6117141126121117035126134137140131051035075133132122120011131117138138126137
0351321331320351301261241401301170351351401261370351181261181221321211401310
5103510512614111713114013703513712212103511812611812213212114013103513012212
0138140137051035100140126137135140122035122132126131011131117137137117048035
1201331321371221201381221381401360351321331320351341331371401221361220351221
3804803512311712012613012613712613703511713012613514012213803513012213305103
5088122130130122132138122137135140122011131117130122137140117121117048035121
1331301331360351261210351221241221371381171370351201331311311331211330480351
3711713412612213203514013613211703513612513313212014013703513214013013011704
8035117120035123126132126118140137011141122130126138035132126137126035126121
0351261341371401310510110111021221210351261320351221371380351231361261321241
2613013011704803511712012014013113711713203513012213303512214004803513111713
8138126137035132126137130051035086140130130117131035132122120035141126141122
1361361170351321221351401220510110881221301301221321381221371351401220351411
2213003513112603512111713412611814013704803511813011713212112613803512213713
8035137126138035117131122138048035136140138136140131035121133130133136051035
0751331321221200351301171201261321261170111221401261371311331210351351401171
3103514013803513713312111713012213705103508113213812212412213603514112212512
6120140130117035136126137140137035137126138035117131122138035122130126138035
1381221311341331360480351321331320111201331321241401220351211401260351301331
1813313613812613705103508413313612213103512613413714013103512113313013313603
5137126138035117131122138048035120133132137122120138122138140136035117121126
1341261371201261321240351221301261380510110721221321221171320351371201221301
2213612613713514012203513612613714013703513414013014112613211713603513812613
2120126121140132138035141122137138126118140130140131051035086140130130117035
1321401321200351361261371401370480111301401201381401370351221241221380351401
3613211703511712004803512611712014013012613703513313613211713612203511713213
8122051035100140126137135140122035117138035140130130117131120133136134122136
0351311171241321170510351041380351221380111371171241261381381261370351261341
3714013104803513213313203513111714312613114013703512613413714013105103507513
3132122120035123117120126130126137126137035117140124140122035137126138035117
1311221380351201331321371221351401171380111201331321241401220510350861401301
3011703512212412213713811713703513012612414013011703513012612414013011704803
5117120035131117138138126137035122132126131035120133131131133121133035137122
1210510110110741361171370351170351301331361221310351321261181250510350861401
3013011713103512312213613112213213814013103512013313213712213514011713803512
3122136131122132138140131051035102122121035117120120140131137117132035126132
0351411221301261380111221400351381361261371381261351401220510350751401261370
3511713012613514011713103512213713803513214013013011704803514112613811712203
5131133130130126137035140136132117035131133130130126137035132122120051035088
1251171371221301301401370111261320351301221201381401370351331361201260510350
8113213812213612114013103512213803513111713012213714011712111703512311713112
2137035117120035117132138122035126134137140131035134136126131126137035126132
0351231171401201261181401370510110861401301301171310351411261381171220351341
3011712012213611713803513813313613813313605103508113203513712613803511713112
2138035130117120140137035122130122126123122132121035130126124140130117035134
1361221381261401310111341361221381261401310510110110881251171371221301301401
3703514111713612614013703511812611812213212114013103513214013212003513014012
0138140137035118130117132121126138051035102122121035140130138136126120122137
0351371221310351411221301261380480351321331320111221241221371381171370351361
2613714013703513714013712012613412613803512214005103508614013013011703513413
3137140122136122035122143035140138035137117124126138138126137035131117130122
1371401171211170510350751331321221200111341331361381381261381331360351311171
3813812613703511714012414012203511703512512213212113612213612613805103510512
2137138126118140130140131035123126132126118140137035121126120138140131035122
1361331370480351171200351261321381221361211401310111271401371381330351201331
3213712213514011713803514013805103510413803512212412213803513712213103512013
3132141117130130126137048035130117133136122122138035137122131035137122121048
0351401301301171311201331361341221360351341401361401370510111021401371341221
3212112613713712203513413313812213213812605103508614013212003512312213613112
2132138140131035134133136138117035137140137120126134126138051011011103125122
0351171321371421221360351261370640351261321211261411261211401171301370351211
36117142137011
