0100200102020110000102000110100110010102020010120110220110100010120101220101
2101102101020200101200122000102000010100221101101001102001020201100100101201
0220011011011021011100011001001012010201011010011000011010011020001012011021
0102200110220010120101210110010102020110220011220010120102000110100110020110
2101020201020001102201020201102201110001102000101201012101020101022001101101
0220011021010200010220011002010211001012010202011000010220011022001201001012
0021120111000102200110210010120102000110100110020102110111000102020010120110
0001022001012201020201102001101000010101102101020201100100112200101201100201
1010011002001012010200011010011002011101010121011000011000010220011021001012
0102210111000110210110220110100010120110000101210102000102200110020102200101
2100101201012100120100101201000201110001102101101101020201100201020101022001
1021011021010202001012011012011100010220011021001012011000010121010200011100
0110210010120110020110100110020010120110000102200102110111000110000101210010
1201020101012101101101022001012201110001102100010101101001102001100201012101
1020010202001201001012002222011020011010010220011002001012010201010121011011
0102200101220111000110210010120102000110100110010110010110100102010110100010
1201020201102101102200101201102101020201020100101201021001020201110001021101
0220010121011022001201001012002222010202011000011000010202011002011022010202
0110210110120111000102020010120111010110100110000111000110220110110101210110
2200112200101201110001102001100201012100101201012100010101102101020201100101
1011010202011020001012010211011020010121011101010220010201010121001122001012
0102020110200101210110220010120102020110210110220010120110210102000102020110
0001020201102001022001102101101201110001020200101201021001020201100001022001
1021001122001012010121001012011011011010011020011022011022010220011022011010
0110200010120110000102200102110111000110000101210010120110000101210102000111
0001102100101201012101020000101201020101022001012101100100120100010100222001
1100011000011000010121011001001012011101011010011000011100011022011011010121
0110220010120101210010120102020110000102200110220010120110110110000101210102
0001020201102001012101102200101201020201021101020201102101102201012101102100
1201001012002212010121010202010200010202011002010121011021001012011000010121
0102000102200110020102200101210010120101210110000102200110120111000102020110
2200101201101101110001102001110001102100101201022001020100010101102101110001
1021010200010220011011010220011022001201001012002201011002011022010202010211
0102020110200010120110020110100110020010120110000111000102000110220111000110
2100101201100201110001100201020000112200101201101201110001022001102100101201
0202011000010202011001010202011002011022011100011001001012011010010201010220
0110100012010010120100020102020102010010120110210102020102010010120102020110
0001022001102200101201021001012101020001022001100001022001102101022001102100
1122000101011101010202011002010202011002010121011022010220011021001012011002
0102020110120111000102020010120102020111000011220010120101210111000102000110
2201101001102000101201020101022001012101100100120100101200211101102001012101
1021001012010121010200001012010121010200010200011100011001011021010121011002
0010120110000110100110200102020110010012010010120022220110200110100102200110
0200101201020201110000101201020101022001021101100201022001102101102101022001
1001000101010202011020010121011022001201001012002201011002011022010202010211
0102020110200010120110100110200110020101210110200102020010120110100110200102
0001022000101201012101102200101201102201101001102001102201101001102000101201
1020010212011010011002010200011100011021001122001012010220011002011022010202
0110200102010111000110010010120102020102110102020110210110220101210110210010
1201100101012101021101100201012100101201020101012101101101022001012201110001
1021001201000101002220010121011001001012011000010202010200011022011100011021
0010120102010102200101210110010011220010120102100101210111000102000102200101
2201110001102100101201101201110001022001102100101201022101110001102101102201
1010001012010202011100001122001012011021010121010211010220011022011022010220
0110210010120101210102000102000111000110010110210101210110020010120110100102
0101022001101000120100101200222201102001101001022001100200101201101101102001
0202011022010220011100011001000101011100011000011022011020010220010200010202
0110210010120102020110000102200110220011220010120111000110220010120102200110
0201102201020201102001020101110001100100101201100101020201102201110001102100
1012011020010212011010011002010200011100011021001012010220010201001201001012
0100120102200111010101210110010111000110210010120101220102200101220102020110
0201020101110001100100101201100001020201101000101201100101022000112200101201
0220011002000101011011010202011000011000010202011002011022010202011021011012
0111000102020010120110010102200010120111000110000110220110200102200102000102
0201102100101201101201110001022001102100120100101200222001110001100201020000
1012010220011002001012011021010121010211010220011022011022010220011021001012
0110010101210111000110200102200110210011220010120110020110100110020010120102
1001020201110001021101022001012101102200101201102201110001102001101101022001
1021001201000101002212010121011100011020010220011021001012010201010121011011
0102200101220111000110210010120102200110020010120110020111000110020102000010
1201012100101201101101110001100001110101022001100201012101102000120100010100
0101002220010121011001001012010220011001011011010202011020010201010220010202
0110220010120102210111000110210110220110100010120110210102000102020110000102
0201102001022001102101101201110001020200101201100201022001102101022000101201
0200011010011002011021010202010200011022010202011022011100011020001012011011
0111000110000111010102200110020101210110200010120101210102000010120102200110
0200101201100001022001012201020201102001101000120100101200212001102201022001
0121011001000101010201010220010121011001001012011001010220001122001012011101
0110100110000111000110220110110101210110220010120101210102000010120111010102
2001110101020201102001102001012100101201012201022001012201020201100201020101
1100011001001122001012010202010211010202011021011022010121011021001012011101
0102020110000010120110100102010102200110100012010010120021120110100110020102
0201020000101201102101020201020100101201110101022001110101020201102001102001
0121000101010121011100010211011100010202001201001012002102011000010220011012
0111000101210110010010120102020110200101210110220010120111010110100110000111
0001102201101101012101102200120100101200211101102001012101102100101201110001
1022001012011002010220011021011000001012010220010201001012011022010202011000
0110000111000110210010120101210110000102200110120111000102020110220010120102
0101012101101101022001012201110001102100120100101200222201102001101001022001
1002000101011001010121011000010202011021011100010121010201010121001012011002
0102200101220102120010120111010102200110220101210102020010120110010101210110
2101102101012100101201102201020201100101101101110001102100101201101101021201
0121011020010202011022011020010121001201001012002112011100010220011021001012
0101210110200102000111000010120110020111000110020102000011220010120102100102
0201102001100101020201100201102201110001100100101201102101101001020101012101
1000010202011021000101010201010121011011010220010122011100011021001012010202
0102110102020110220011220010120110000110100101220110100110200110220102200110
2100101201110101020201100000101201100201022001102101100000120100101201001101
1022001012010202010211010202011021011022010121011021001012010220011002011022
0102020110200102010111000110010010120110120111000101210110010010120110210102
2001102200101201012101100101020201102200101201021001012101020001022001100001
0220011021010220011021001201000101010002011100011021011011010202011002010201
0102200110210110210102020010120110110110100110200110220101210010120110200111
0001102201102001110001100100101201100201022001102101022000101201020201110000
1012011021010202011001011011010202011020001201001012010002011100011021011011
0102020110020102010102200110210110210102020010120102020110220010120102110110
2001012101110101022001020101012100101201022001101101102101110001100100120100
1012002112011010011002010202010200000101011001010121011022011022010220011021
0010120110020110100110020010120110000102200102110111000110000101210010120110
1201110001022001102100101201012201022001012201020201100201020101110001100100
1201001012010012010220011101010121011001011100011021001012011021010202010201
0010120101220102200101220102020110020102010111000110010010120110000102020102
0001102201110001102100120100101201000001110001022001102101101201110001020200
1012010202011002010220011001000101011001010121011021011021010121001122001012
0102000110100110020110210102020102000110220102020110220111000110200010120110
0201101001100200101201101101101001102101110001020201102001020200101201020201
1022001122001012010210010121010200010220011000010220011021010220011021001012
0101210110000102200110120111000102020110220010120110000102020110100012010010
1200222201020201100001100001020201100201102201020201102101101201110001020200
0101011001010121011000010202011021011100010121010201010121001122001012010201
0110100110000110100110200010120102200102010010120102020102110102020110210110
2201012101102100101201020001101001100101100101101001020101101000112200101201
1021010121011011010220010202011002001012011100011020011002010121001012011020
0102120110100110020102000111000110210010120110020111000110000110000101210011
2200101201012101020000101201021001022001100201022001012201110001102100010101
1101010202011000010220011022001012011002010220011021010220001012010220010201
0010120102200110110110210111000110010012010001010001010100020102020102010010
1201022001100200101201020201102101102200101201021001102001022001100201021101
0220011000011000010121001122001012010121010200010200011100011001011021010121
0110020010120110000102020110100010120102020111000011220010120110010101210110
2201102201022001102100101201100201022001102101100000120100101200222001110001
1000011000010121011001001012011002010202010200001012011101010220011101010202
0110200110200101210010120110020102020110120111000102020012010001010022220102
0201100001100001020201100201102201020201102101101201110001020200101201110101
0202011000001012011001010220001012010201010121011011010220010122011100011021
0011220010120101220110000101210110020102010102200110220010120102020110210110
2200101201102101022001102200101201012101100101020201102200112200101201102001
1100011022011020011100011001001012010201011010011000011010011020001201001012
0021120110100110020102020102000010120110000101210102000102200110020102200101
2100010101020201110001022001102101100101101001020100101201101201110001012101
1001001012011100011022001012011021011010010201010121011000010202011021001201
0010120022010110020110220102020102110102020110200010120111010102020102120102
2001020001110001100001012100101201102001022001102101110001102100101201102101
0220011022001012010121011001010202011022001012010202011000010220011022001012
0110220102020110010110110110100110200011220010120110020110100110020001010102
0001101001100201021101110001020200101201020101110001022000101201100001101001
0122011010011020011022010220011021001201001012002211011010011020010202011001
0010120102200110110110210111000110010010120102010110100110000110100110200010
1201102101022001102200101201012101100101020201102200112200101201020001101001
1002011021010202010200011022010202011022011100011020001012010121010201010220
0110110102200110210102000102200110020102110010120102020110000102200110220012
0100010100210201020201100201020201012101100200101201102101020001020201100001
0202011020010220011021011012011100010202001012011020010220011021011100011021
0010120110110111000110000111010102200110020101210110200010120110220102200110
0201020001022001020101110001100201102200101201110101020201102101102201022001
0122011100011000011100011001001201001012002220011100011000011000010121001012
0110020111000110020102000010120110200102200110210111000110210011220001010110
0001110001020001102201110001102100101201020201021101020201102200101201110001
1020011002010121001012010121010200001122001012010220010121010200011100011000
0102200110210010120110100110200110020101210110200102020010120101210110020110
2201020200120100101201000001110001022001102101101201110001020200101201012101
1022001012011100011000011000010121011001010200011010011020011011010202011020
0010120110010101210102110110020101210012010010120100110110220010120102020110
2200010101102101012101021101022001102201102201022001102100101201022001101101
1021011100011001001122001012011002011010011002001012011001010121011110010220
0110010111000110210010120102200110110110210111000110010012010010120021120110
1001100201020201020000101201021001012101020001022001100001022001102101022001
1021001012010121011100010211011100010202001012011021010220011022001012010121
0110010102020110220010120102000110100110020110210102020110120111000101210110
2200010101020001101001100201021101110001020200120100101200222001110001100001
1000010121001012010202010211010202011021011022010121011021001012011000010220
0102110111000110000101210010120110000102200102110111000110000101210011220010
1201012101020000101201100101012101102201102201022001102100101201020201100201
0220011001001012010200011010011001011001011010010201011010001012011021010202
0102010012010001010001010021110110200101210110210010120101210010120110000110
1001102001020201100100101201100201022001012201021200120100101200222001110001
1000011000010121011001001012010210010202011020011001010202011002011022011100
0110010010120102000110100110020110210102020110120111000101210110220010120102
1001020201102001100101020201100201102201110001100100120100101201000201020201
0201001012010121010200010200011100011001011021010121011002001012010220011002
0010120111010102020110000102200110220001010102020111000010120110220110200102
2001102101102201022001101201110001020200120100101200211201110001022001102100
1012010121011000010220011012011100010121011001001012010202011021011022001012
0110020111000110000110000101210011220010120111010102200110220101210102020010
1201100101101001100001100001022001102100101201110001102001100201012100101201
1001011010011000011000010220011021001012011002010202010200001201001012002222
0102120101210110210102020110000110000111000110210001010102200110020010120110
0001020201020001102201110001102100101201101001102001020001022000120100101200
2201011002011022010202011020010201011100011001001012010202011022001012011001
0101210110000102020110210111000101210102010101210010120102100101210110010102
0201102100101201012101020000101201012101100201102201020200101201022001101101
1021011100011001001012011011011020010220011001010220011021001012010220011002
0010120102100101210111000102000102200101220111000110210012010001010022200111
0001100001100001012101100100101201110101022001102201012101020200101201101101
1000010121010200010202011020010121011022001012011022011010011020011022011010
0110200012010010120022010110020010120110210102200110220010120101210110010102
0201102200101201100001012101020001110001102100101201020201100001020201022001
0210010202011002010201001012011000010220010211011100011000010121001012011011
0110200102020110220102200111000110010001010110110110200102020110220102200111
0001100100120100010100010100222201021201012101102101020201100001100001110001
1021001012011101010121011020010220011100011021001012010122010220010122010202
0110020102010111000110010010120110020111000110020102000010120110000111000102
0001102201110001102100101201012201100001012101100201020101022001102200120100
1012010002010202010201001012011100011000011022011020010220010200010202011021
0010120110210102020110010010120111010102020110000102200110220011220010120110
0201101001100200010101020201021101020201102101102201012101102100101201102001
0220011021011100011021001012011021011100011021010200010220011011010220011022
0010120102020111000012010010120022200111000110000110000101210010120110110110
1001102101110001020201102001020200101201020201111000101201110001102200101201
1021010121010211010220011022011022010220011021001012011001010121011000010202
0110210111000101210102010101210012010010120021120110100110020102020102000001
0101101101101001102001102201102201022001102201101001102000101201100101012101
1022011022010220011021001012010121011100010211011100010202001012010121001012
0102120102020110020102010110200102020110200102200110220012010010120100120102
0201102101102201022001012201110001100001110001100100101201021001022001100201
0220010122011100011021001012010201010220010200011022011100011001001012010202
0110200110100110210011220010120101210102000010120102200110020110220102020110
2001020101110001100100010101022101110001102101102201101000101201020001101001
1002011021010202011012011100010121011022001012011100011022001201001012010011
0110220010120102020102110102020110220010120110210102020110010010120102000110
1001100201110101012101100001100001022001102100112200101201100001012101101001
1020010202010202011022001012011021010202011001001012011021010202010201001122
0010120111000110000110000101210110010102000110100110200110110102020110200010
1201101101110001102001110001102100120100010101000201110001102101101101020201
1002010201010220011021011021010202001012011011011010011022010202011002011022
0102200012010010120022200111000110020102000010120102100102020110200110010102
0201100201102201110001100100101201101101101001102001102201012100101201102101
1100011021010200010220011011010220011022001201000101000101010010010212010202
0010120101210110020110210111020102020110200010120102200110210020110010120102
0001101001100201102101101001100001022001020101012101102201020201020100101201
1022010202011001011011011000010121011022010202011021000101
