0101011101100101011011000110001101101111011011010110010100100000011101000110
1111001000000110001001100001011100110110010100100000001100100010000100001010
0100110001101111011100100110010101101101001000000110100101110000011100110111
0101011011010010000001100100011011110110110001101111011100100010000001110011
0110100101110100001000000110000101101101011001010111010000101100001000000110
0011011011110110111001110011011001010110001101110100011001010111010001110101
0111001000100000011000010110010001101001011100000110100101110011011000110110
1001011011100110011100100000011001010110110001101001011101000010111000100000
0100010001110101011010010111001100100000011000110110111101101110011001110111
0101011001010010000001101100011010010110001001100101011100100110111100001010
0111001101100101011011010010110000100000011011100110111101101110001000000110
0011011011110110111001110110011000010110110001101100011010010111001100100000
0110101001110101011100110111010001101111001000000110110001100001011000110110
1001011011100110100101100001001000000110000100101110001000000101001101110101
0111001101110000011001010110111001100100011010010111001101110011011001010010
0000011100010111010101101001011100110010000001101100011000010110001101110101
0111001100100000011011100110111101101110001000000110110001101001011001110111
0101011011000110000100100000011001000110000101110000011010010110001001110101
0111001100001010011011110111001001101110011000010111001001100101001011100010
0000010100000111001001101111011010010110111000100000011001000110000101110000
0110100101100010011101010111001100100000011000110110111101101101011011010110
1111011001000110111100100000011001010111001101110100001000000111001101100101
0110010000100000011001100110010101110101011001110110100101100001011101000010
1110001000000101000001100101011011000110110001100101011011100111010001100101
0111001101110001011101010110010100100000011101100110111101101100011101010111
0100011100000110000101110100001011000010000001110101011100100110111001100001
0010000001100001000010100111001101100101011011010111000001100101011100100010
0000011001110111001001100001011101100110100101100100011000010010110000100000
0110010101110010011000010111010000100000011001010111001101110100001000000111
0011011000110110010101101100011001010111001001101001011100110111000101110101
0110010100100000011001100110010101101100011010010111001100101100001000000110
0001001000000111000001101111011100100111010001110100011010010111010001101111
0111001000100000011011000110100101100111011101010110110001100001001000000110
1100011000010110001101110101011100110010000001100001011000110010000001100100
0110100101100001011011010010111000001010010011100111010101101100011011000110
0001011011010010000001110110011011110110110001110101011101000111000001100001
0111010000100000011000010010000001100101011011000110100101110100001000000111
0000011011000110000101100011011001010111001001100001011101000010000001100101
0110011101100101011100110111010001100001011100110010111000100000010011010110
0001011001010110001101100101011011100110000101110011001000000110110001100001
0110001101101001011011100110100101100001001000000110000101101100011010010111
0001011101010110010101110100001000000111000001110101011100100111010101110011
0010000001101001011001000000101001110011011101010111001101100011011010010111
0000011010010111010000101110001000000100100101101110011101000110010101100111
0110010101110010001000000110111001101111011011100010000001101100011101010110
0011011101000111010101110011001000000110111001110101011011100110001100101100
0010000001110001011101010110100101110011001000000110010101101100011001010110
1101011001010110111001110100011101010110110100100000011011110110010001101001
0110111100101110001000000101001101100101011001000010000001110011011001010110
0100001000000110010101101100011010010111010000100000011001100110000101100011
0110100101101100011010010111001101101001011100110010110000001010011101100110
0101011011100110010101101110011000010111010001101001011100110010000001101110
0110010101110001011101010110010100100000011001010111010100101100001000000110
0001011101010110001101110100011011110111001000100000011001000110100101100001
0110110100101110001000000100001101110010011000010111001100100000011000010110
0011001000000110000101100011011000110111010101101101011100110110000101101110
0010000001101100011011110111001001100101011011010010111000100000010100000111
0010011011110110100101101110001000000110010101110101001000000110010001101001
0110011101101110011010010111001101110011011010010110110100001010011001010111
0010011000010111010000101110001000000100100101101110011101000110010101100111
0110010101110010001000000110111101110010011011100110000101110010011001010010
0000011011110111001001100011011010010010000001100001011101000010000001110100
0110111101110010011101000110111101110010001000000111001001101000011011110110
1110011000110111010101110011001011000010000001101001011011100111010001100101
0111001001100100011101010110110100100000011001010110011101100101011100110111
0100011000010111001100100000011011010110000101100111011011100110000100100000
0110010001100001011100000110100101100010011101010111001100101110000010100100
1110011000010110110100100000011011000110010101100011011101000111010101110011
0010000001100100011010010110000101101101001011000010000001100110011000010111
0101011000110110100101100010011101010111001100100000011100010111010101101001
0111001100100000011010100111010101110011011101000110111100100000011001010111
0101001011000010000001110011011000010110011101101001011101000111010001101001
0111001100100000011000010110001101100011011101010110110101110011011000010110
1110001000000110111101100100011010010110111100101110001000000101000001110010
0110111101101001011011100010000001110000011100100110010101110100011010010111
0101011011010000101001110101011011000111010001110010011010010110001101100101
0111001100100000011001010110110001101001011101000010110000100000011101010111
0100001000000110100101101110011101000110010101110010011001000111010101101101
0010000001101101011001010111010001110101011100110010000001110010011010000110
1111011011100110001101110101011100110010000001101001011001000010111000100000
0101011001101001011101100110000101101101011101010111001100100000011000100110
1001011000100110010101101110011001000111010101101101001000000110110001100101
0110111100100000011011010110100100101100001000000110100101101110000010100111
0000011001010110110001101100011001010110111001110100011001010111001101110001
0111010101100101001000000110110101101001001000000111010101101100011101000111
0010011010010110001101100101011100110010000001110001011101010110100101110011
0010111000100000010011100111010101101110011000110010000001101001011011100010
0000011100110110000101100111011010010111010001110100011010010111001100100000
0110110101100001011101010111001001101001011100110010110000100000011011100110
1111011011100010000001100110011001010111010101100111011010010110000101110100
0010000001110100011101010111001001110000011010010111001100101110000010100100
1101011000010111010101110010011010010111001100100000011001000110000101110000
0110100101100010011101010111001100100000011010010110111000100000011011100111
0101011011100110001100100000011000010010000001110000011101010110110001110110
0110100101101110011000010111001000101110000010100000101001001110011000010110
1101001000000110100101101101011100000110010101110010011001000110100101100101
0111010000100000011010100111010101110011011101000110111100100000011100110110
0011011001010110110001100101011100100110100101110011011100010111010101100101
0010000001101110011010010111001101101001001000000110001101101111011011100111
0011011001010110001101110100011001010111010001110101011100100010000001110000
0111010101101100011101100110100101101110011000010111001000100000011000010110
0011001000000110100101101110001000000110110001101001011000100110010101110010
0110111100101110001000000100010101110100011010010110000101101101000010100110
0100011010010110000101101101001000000110110101101001001011000010000001110110
0110111101101100011101010111010001110000011000010111010000100000011000010110
0011001000000111011001101001011101100110010101110010011100100110000100100000
0110001001101001011000100110010101101110011001000111010101101101001011000010
0000011001010110011101100101011100110111010001100001011100110010000001110110
0110010101101100001000000110111101100100011010010110111100101110001000000100
0100011011110110111001100101011000110010000001110011011001010110010000100000
0111011001101001011101100110010101110010011100100110000100001010011000010111
0101011001110111010101100101001011100010000001000001011011000110100101110001
0111010101100001011011010010000001100101011100100110000101110100001000000111
0110011011110110110001110101011101000111000001100001011101000010111000100000
0100001101110010011000010111001100100000011101010111010000100000011011100110
1001011100110110110000100000011010010110010000100000011101000110010101101100
0110110001110101011100110010000001100001011011000110100101110001011101010110
0101011101000010000001100100011000010111000001101001011000100111010101110011
0010111000100000010100000111001001101111011010010110111000001010011011010110
0001011011000110010101110011011101010110000101100100011000010010000001101110
0110100101100010011010000010000001110110011010010111010001100001011001010010
0000011011010110000101110011011100110110000100100000011101000110010101101101
0111000001110101011100110010000001110000011010000110000101110010011001010111
0100011100100110000100101110001000000100010001110101011010010111001100100000
0110000101110010011000110111010100100000011011100111010101101110011000110010
1100001000000110011001100101011100100110110101100101011011100111010001110101
0110110100100000011100110110111101100100011000010110110001100101011100110000
1010011001000110000101110000011010010110001001110101011100110010000001100101
0110011101100101011101000010110000100000011011000110111101100010011011110111
0010011101000110100101110011001000000111011001100101011011000010000001101110
0110100101110011011011000010111000100000010101010111010000100000011001010110
0111011001010111001101110100011000010111001100100000011010010110111001110100
0110010101110010011001000111010101101101001000000111000101110101011000010110
1101001000000111001101101001011101000010000001100001011011010110010101110100
0010000001100110011000010110001101101001011011000110100101110011011010010111
0011001011100000101001010011011101010111001101110000011001010110111001100100
0110100101110011011100110110010100100000011100000110111101110010011101000110
0001001000000111001001110101011101000111001001110101011011010010000001101110
0110100101110011011010010010000001100101011101010010000001110011011001010110
1101011100000110010101110010001011100010000001010011011101010111001101110000
0110010101101110011001000110100101110011011100110110010100100000011001010111
0100001000000110011101110010011000010111011001101001011001000110000100100000
0110100101110000011100110111010101101101001011100010000001000100011011110110
1110011001010110001100001010011011010110000101110100011101000110100101110011
0010000001101110011011110110111000100000011011000110100101100111011101010110
1100011000010010000001110001011101010110100101110011001000000110001001101001
0110001001100101011011100110010001110101011011010010111000100000010101100110
1001011101100110000101101101011101010111001100100000011100110110010101100100
0010000001100010011010010110001001100101011011100110010001110101011011010010
0000011011000110010101100011011101000111010101110011001011100010000001010001
0111010101101001011100110111000101110101011001010010000001100101011011100110
1001011011010000101001101101011000010111001101110011011000010010110000100000
0110001101101111011011100111001101100101011000110111010001100101011101000111
0101011100100010000001101110011011110110111000100000011100000110111101110011
0111010101100101011100100110010100100000011001010111010000101100001000000110
0110011000010110001101101001011011000110100101110011011010010111001100100000
0110000101101100011010010111000101110101011001010111010000100000011011000110
0101011011110010111000100000010100000110010101101100011011000110010101101110
0111010001100101011100110111000101110101011001010000101001101101011000010110
1100011001010111001101110101011000010110010001100001001011000010000001100100
0110111101101100011011110111001000100000011010010110010000100000011001010110
0111011001010111001101110100011000010111001100100000011000110110111101101101
0110110101101111011001000110111100101100001000000111001101100001011100000110
1001011001010110111000100000011101010111001001101110011000010010000001110010
0110100001101111011011100110001101110101011100110010000001101110011101010110
1100011011000110000100101100001000000110000101100011001000000110011001101001
0110111001101001011000100111010101110011000010100111011001100101011011000110
1001011101000010000001101110011010010111001101101001001000000110100101100100
0010000001101001011100000111001101110101011011010010111000001010000010100101
0011011001010110010000100000011010010110111000100000011001010111001101110100
0010000001100110011100100110100101101110011001110110100101101100011011000110
0001001011000010000001100001011000110110001101110101011011010111001101100001
0110111000100000011011000110010101101111001000000110010101110101001011000010
0000011011010110000101110100011101000110100101110011001000000110111001101001
0111001101101100001011100010000001001110011101010110110001101100011000010110
1101001000000110111001100101011000110010000001110110011010010111011001100101
0111001001110010011000010010000001101110011001010111000101110101011001010010
1110000010100101000001100101011011000110110001100101011011100111010001100101
0111001101110001011101010110010100100000011101100110010101101100001000000110
1101011010010010000001100100011000010111000001101001011000100111010101110011
0010110000100000011000100110110001100001011011100110010001101001011101000010
0000011001010111001101110100001000000111001101101001011101000010000001100001
0110110101100101011101000010110000100000011100100111010101110100011100100111
0101011011010010000001100100011011110110110001101111011100100010111000100000
0100010001101111011011100110010101100011001000000110110001100001011000110110
1001011011100110100101100001000010100110010101110101011010010111001101101101
0110111101100100001000000111000101110101011000010110110100100000011101010111
0100001000000111001101101111011001000110000101101100011001010111001100101110
0010000001001001011011100111010001100101011001110110010101110010001000000111
0110011001010110100001101001011000110111010101101100011000010010000001110010
0110100101110011011101010111001100100000011100110110100101110100001000000110
0001011011010110010101110100001000000110010101101100011010010111010000100000
0111010001100101011011010111000001101111011100100010110000100000011011100110
1111011011100000101001100011011011110110111001100111011101010110010100100000
0110010001110101011010010010000001101100011011110110001001101111011100100111
0100011010010111001100101110001000000100110001101111011100100110010101101101
0010000001101001011100000111001101110101011011010010000001100100011011110110
1100011011110111001000100000011100110110100101110100001000000110000101101101
0110010101110100001011000010000001100011011011110110111001110011011001010110
0011011101000110010101110100011101010111001000100000011000010110010001101001
0111000001101001011100110110001101101001011011100110011100100000011001010110
1100011010010111010000101110000010100100000101100101011011100110010101100001
0110111000100000011100110110001101100101011011000110010101110010011010010111
0011011100010111010101100101001000000111001001101001011100110111010101110011
0010000001110000011101010110110001110110011010010110111001100001011100100010
0000011101000110100101101110011000110110100101100100011101010110111001110100
0010000001110110011001010111001101110100011010010110001001110101011011000111
0101011011010010111000100000010011100111010101101100011011000110000100100000
0110111001110101011011100110001100100000011100100110100101110011011101010111
0011001011000000101001101100011101010110001101110100011101010111001100100000
0110010101100111011001010111010000100000011101010111001001101110011000010010
0000011000010110001100101100001000000110100101100001011000110111010101101100
0110100101110011001000000110111101110010011011100110000101110010011001010010
0000011000010110111001110100011001010010111000100000010100010111010101101001
0111001101110001011101010110010100100000011000010111010000100000011101010110
1100011011000110000101101101011000110110111101110010011100000110010101110010
0010000001101101011000010110011101101110011000010010111000100000010101010111
0100001000000110010101110100000010100111001101100001011001110110100101110100
0111010001101001011100110010000001101001011100000111001101110101011011010010
1100001000000110111001101111011011100010000001101101011000010111100001101001
0110110101110101011100110010000001101001011100000111001101110101011011010010
1110001000000100010001101111011011100110010101100011001000000110011001100001
0110001101101001011011000110100101110011011010010111001100100000011000010111
0101011001110111010101100101001000000111001101101001011101000010000001100001
0110110101100101011101000010000001100011011011110110111001110011011001010111
0001011101010110000101110100000010100110001101101111011011100110011101110101
0110010100101110001000000100111001110101011011000110110001100001001000000110
0101011001110110010101110011011101000110000101110011001000000110110001101001
0110011101110101011011000110000100100000011011000110100101100111011101010110
1100011000010010110000100000011000010110001100100000011011010110000101110100
0111010001101001011100110010000001100101011011100110100101101101001000000110
0011011011110110110101101101011011110110010001101111001000000111001101100101
0110010000101110000010100000101001000011011100100110000101110011001000000110
0001001000000110110001101111011100100110010101101101001000000110111001101001
0110001001101000001011100010000001001110011101010110110001101100011000010110
1101001000000110011001100101011100100110110101100101011011100111010001110101
0110110100100000011000110110111101101110011100110110010101110001011101010110
0001011101000010000001100110011001010111001001101101011001010110111001110100
0111010101101101001011100010000001010011011001010110010000100000011000010110
0011011000110111010101101101011100110110000101101110001000000110100101101110
0010000001110110011001010110110001101001011101000000101001100101011101010010
0000011101000111001001101001011100110111010001101001011100010111010101100101
0010111000100000010001000111010101101001011100110010000001100001011011000110
1001011100010111010101100001011011010010000001100101011100110111010000100000
0110111001110101011011000110110001100001001011000010000001110110011010010111
0100011000010110010100100000011011010110111101101100011011000110100101110011
0010000001110101011100100110111001100001001000000110110101101111011011000110
1100011010010111001100100000011011100110010101100011001011100010000001010000
0110100001100001011100110110010101101100011011000111010101110011000010100110
1001011011100010000001101100011001010110001101110100011101010111001100100000
0110111101110010011000110110100100101110001000000100100101101110011101000110
0101011100100110010001110101011011010010000001100101011101000010000001101101
0110000101101100011001010111001101110101011000010110010001100001001000000110
0110011000010110110101100101011100110010000001100001011000110010000001100001
0110111001110100011001010010000001101001011100000111001101110101011011010010
0000011100000111001001101001011011010110100101110011001000000110100101101110
0010000001100110011000010111010101100011011010010110001001110101011100110010
1110000010100100111001110101011011000110110001100001011011010010000001110110
0110100101110100011000010110010100100000011100000110110001100001011000110110
0101011100100110000101110100001000000111010001101111011100100111010001101111
0111001000101110001000000100100101101110001000000111001101101001011101000010
0000011000010110110101100101011101000010000001101100011000010110001101110101
0111001100100000011001010110110001100101011010010110011001100101011011100110
0100001000000110110001101001011001110111010101101100011000010010000001110000
0111001001100101011101000110100101110101011011010000101001110000011100100110
0101011101000110100101110101011011010010111000001010000010100101000001101000
0110000101110011011001010110110001101100011101010111001100100000011101100110
0001011100100110100101110101011100110010000001100010011010010110001001100101
0110111001100100011101010110110100100000011011100111010101101110011000110010
0000011011000111010101100011011101000111010101110011001000000110001001101100
0110000101101110011001000110100101110100001011100010000001010011011001010110
0100001000000111010101101100011101000111001001101001011000110110010101110011
0010000001110011011001010110110100100000011101100110010101101100011010010111
0100001011000010000001101110011011110110111000001010011001010110011101100101
0111001101110100011000010111001100100000011100100110100101110011011101010111
0011001000000111001101110101011100110110001101101001011100000110100101110100
0010000001100101011101010010111000100000010011100111010101101100011011000110
0001001000000111000001101111011100110111010101100101011100100110010100100000
0110010101111000001000000111010101110100001000000111001101100001011001110110
1001011101000111010001101001011100110010000001101101011000010110110001100101
0111001101110101011000010110010001100001001011100010000001000100011011110110
1110011001010110001100001010011100000110111101110010011101000111010001101001
0111010001101111011100100010000001101101011000010111010001110100011010010111
0011001000000110000101110101011001110111010101100101001000000110000100100000
0110100001100101011011100110010001110010011001010111001001101001011101000010
1110001000000101011001100101011100110111010001101001011000100111010101101100
0111010101101101001000000110011001101001011011100110100101100010011101010111
0011001000000110010001101001011000110111010001110101011011010010000001100101
0111001001101111011100110010110000100000011000010110001100100000011010010110
1110011101000110010101110010011001000111010101101101000010100110101001110101
0111001101110100011011110010000001100011011011110110111001110011011001010111
0001011101010110000101110100001000000111010101110100001011100010000001010101
0111010000100000011001010110011101100101011101000010000001110011011001010110
1101001000000110001101101111011011100111011001100001011011000110110001101001
0111001100101100001000000110110001100001011011110111001001100101011001010111
0100001000000111001101100101011011010010000001110011011001010110010000101100
0010000001110101011011000110110001100001011011010110001101101111011100100111
0000011001010111001000100000011100000111010101110010011101010111001100101110
0000101001010011011101010111001101110000011001010110111001100100011010010111
0011011100110110010100100000011100000110111101110100011001010110111001110100
0110100100101110001000000100111001110101011011100110001100100000011001100110
0101011100100110110101100101011011100111010001110101011011010010000001110000
0110111101110010011101000110000100100000011100110111010101110011011000110110
1001011100000110100101110100001011100000101000001010010101000110100001100101
0010000001100001011011100111001101110111011001010111001000100000011010010111
0011001110100010000001110000011100100110111101101010011001010110001101110100
0110111101110010011100110010000001110000011000010111001001110100011010010110
000101101100011011000111100100001010
