0322040104130344042104140401011204310421011203430342043004010112020301130020
0301042104240401041401120410042204300432041401120400042104130421042401120430
0410043101120342041404010431013401120344042104200430040103440431040104310432
0424011203420400041004220410043003440410042004030112040104130410043101410112
0233043204100430011203440421042004030432040101120413041003430401042404210020
0430040104140134011204200421042001120344042104200433034204130413041004300112
0411043204300431042101120413034203440410042004100342011203420141011203130432
0430042204010420040004100430043004010112042304320410043001120413034203440432
0430011204200421042001120413041004030432041303420112040003420422041003430432
0430002004210424042003420424040101410112031004240421041004200112040003420422
0410034304320430011203440421041404140421040004210112040104300431011204300401
0400011204020401043204030410034204310141011203100401041304130401042004310401
0430042304320401011204330421041304320431042203420431013401120432042404200342
0112034200200430040104140422040104240112040304240342043304100400034201340112
0401042403420431011204010430043101120430034404010413040104240410043004230432
0401011204020401041304100430013401120342011204220421042404310431041004310421
0424011204130410040304320413034201120413034203440432043001120342034401120400
0410034204140141002003030432041304130342041401120433042104130432043104220342
0431011203420112040104130410043101120422041303420344040104240342043101120401
0403040104300431034204300141011203020342040103440401042003420430011204130342
0344041004200410034201120342041304100423043204010431011204220432042404320430
0112041004000020043004320430034404100422041004310141011202430420043104010403
0401042401120420042104200112041304320344043104320430011204200432042003440134
0112042304320410043001120401041304010414040104200431043204140112042104000410
0421014101120313040104000112043004010400011204010413041004310112040203420344
0410041304100430041004300134002004330401042004010420034204310410043001120420
0401042304320401011204010432013401120342043203440431042104240112040004100342
0414014101120232042403420430011203420344011203420344034404320414043003420420
0112041304210424040104140141011203100424042104100420011204010432011204000410
0403042004100430043004100414002004010424034204310141011202430420043104010403
0401042401120421042404200342042404010112042104240344041001120342043101120431
0421042404310421042401120424040404210420034404320430013401120410042004310401
0424040004320414011204010403040104300431034204300112041403420403042003420112
0400034204220410034304320430014100200303034204140112041304010344043104320430
0112040004100342041401340112040203420432034404100343043204300112042304320410
0430011204110432043004310421011204010432013401120430034204030410043104310410
0430011203420344034404320414043003420420011204210400041004210141011203100424
0421041004200112042204240401043104100432041400200432041304310424041003440401
0430011204010413041004310134011204320431011204100420043104010424040004320414
0112041404010431043204300112042404040421042003440432043001120410040001410112
0321041004330342041404320430011203430410034304010420040004320414011204130401
0421011204140410013401120410042000200422040104130413040104200431040104300423
0432040101120414041001120432041304310424041003440401043001120423043204100430
0141011203030432042003440112041004200112043003420403041004310431041004300112
0414034204320424041004300134011204200421042001120402040104320403041003420431
0112043104320424042204100430014100200302034204320424041004300112040003420422
0410034304320430011204100420011204200432042003440112034201120422043204130433
0410042003420424014100200020030303420414011204100414042204010424040004100401
0431011204110432043004310421011204300344040104130401042404100430042304320401
0112042004100430041001120344042104200430040103440431040104310432042401120422
0432041304330410042003420424011203420344011204100420011204130410034304010424
0421014101120234043104100342041400200400041003420414011204140410013401120433
0421041304320431042203420431011203420344011204330410043304010424042403420112
0343041003430401042004000432041401340112040104030401043004310342043001120433
0401041301120421040004100421014101120233042104200401034401120430040104000112
0433041004330401042404240342002003420432040304320401014101120230041304100423
0432034204140112040104240342043101120433042104130432043104220342043101410112
0232042403420430011204320431011204200410043004130112041004000112043104010413
0413043204300112034204130410042304320401043101120400034204220410034304320430
0141011203100424042104100420002004140342041304010430043203420400034201120420
0410034304040112043304100431034204010112041403420430043003420112043104010414
0422043204300112042204040342042404010431042403420141011202330432041004300112
0342042403440432011204200432042003440134011204020401042404140401042004310432
0414011204300421040003420413040104300020040003420422041003430432043001120401
0403040104310134011204130421034304210424043104100430011204330401041301120420
0410043004130141011203200431011204010403040104300431034204300112041004200431
0401042404000432041401120423043203420414011204300410043101120342041404010431
0112040203420344041004130410043004100430014100200313043204300422040104200400
0410043004300401011204220421042404310342011204240432043104240432041401120420
0410043004100112040104320112043004010414042204010424014101120313043204300422
0401042004000410043004300401011204010431011204030424034204330410040003420112
0410042204300432041401410112023304210420040103440020041403420431043104100430
0112042004210420011204130410040304320413034201120423043204100430011203430410
0343040104200400043204140141011203210410043303420414043204300112043004010400
0112034304100343040104200400043204140112041304010344043104320430014101120311
0432041004300423043204010112040104200410041400200414034204300430034201340112
0344042104200430040103440431040104310432042401120420042104200112042204210430
0432040104240401011204010431013401120402034203440410041304100430041004300112
0342041304100423043204010431011204130401042101410112031004010413041304010420
0431040104300423043204010020041403420413040104300432034204000342013401120400
0421041304210424011204100400011204010403040104300431034204300112034404210414
0414042104000421013401120430034204220410040104200112043204240420034201120424
0404042104200344043204300112042004320413041303420134011203420344011204020410
0420041003430432043000200433040104130410043101120420041004300410011204100400
0112041004220430043204140141002000200313040104000112041004200112040104300431
0112040204240410042004030410041304130342013401120342034403440432041404300342
0420011204130401042101120401043201340112041403420431043104100430011204200410
0430041301410112030304320413041303420414011204200401034401120433041004330401
0424042403420112042004010423043204010141002003100401041304130401042004310401
0430042304320401011204330401041301120414041001120400034204220410034304320430
0134011203430413034204200400041004310112040104300431011204300410043101120342
0414040104310134011204240432043104240432041401120400042104130421042401410112
0233042104200401034401120413034203440410042004100342002004010432041004300414
0421040001120423043203420414011204320431011204300421040003420413040104300141
0112024304200431040104030401042401120433040104040410034404320413034201120424
0410043004320430011204300410043101120342041404010431011204010413041004310112
0431040104140422042104240134011204200421042000200344042104200403043204010112
0400043204100112041304210343042104240431041004300141011203010421042404010414
0112041004220430043204140112040004210413042104240112043004100431011203420414
0401043101340112034404210420043004010344043104010431043204240112034204000410
0422041004300344041004200403011204010413041004310141002002300401042004010342
0420011204300344040104130401042404100430042304320401011204240410043004320430
0112042204320413043304100420034204240112043104100420034404100400043204200431
0112043304010430043104100343043204130432041401410112030304320413041303420112
0420043204200344011204240410043004320430013400200413043203440431043204300112
0401040304010431011204320424042003420112034203440134011204100342034404320413
0410043001120421042404200342042404010112034204200431040101410112031104320410
0430042304320401011203420431011204320413041303420414034404210424042204010424
0112041403420403042003420141011203200431011204010431002004300342040304100431
0431041004300112041004220430043204140134011204200421042001120414034204400410
0414043204300112041004220430043204140141011202330421042004010344011204020342
0344041004130410043004100430011203420432040304320401011204300410043101120342
0414040104310112034404210420043004010423043203420431002003440421042004030432
0401014101120303043204130413034201120401040304010430043103420430011204130410
0403043204130342011204130410040304320413034201340112034203440112041403420431
0431041004300112040104200410041401120344042104140414042104000421011204300401
0400014100200020023204240342043001120342011204130421042404010414011204200410
0343040401410112030304320413041303420414011204020401042404140401042004310432
0414011203440421042004300401042304320342043101120402040104240414040104200431
0432041401410112031304010400011203420344034404320414043003420420011204100420
0112043304010413041004310020040104320112043104240410043004310410042304320401
0141011202330432041004300112034204130410042304320342041401120401043004310112
0420043204130413034201340112043304100431034204010112041404210413041304100430
0112043204240420034201120414042104130413041004300112042004010344014101120310
0404034204300401041304130432043000200410042001120413040103440431043204300112
0421042403440410014101120243042004310401042404000432041401120401043101120414
0342041304010430043203420400034201120402034204140401043001120342034401120342
0420043104010112041004220430043204140112042204240410041404100430011204100420
0112040203420432034404100343043204300141002003030432041304130342041401120433
0410043103420401011204220413034203440401042403420431011204310421042404310421
0424014101120243042001120430041004310112034204140401043101120413034203440432
0430011204010413040104100402040104200400011204130410040304320413034201120422
0424040104310410043204140020042204240401043104100432041401410020002003100404
0342043004010413041304320430011204330342042404100432043001120343041003430401
0420040004320414011204200432042003440112041304320344043104320430011203430413
0342042004000410043101410112031304010400011204320413043104240410034404010430
0112043004010414011204330401041304100431013401120420042104200020040104030401
0430043103420430011204240410043004320430011204300432043003440410042204100431
0112040104320141011203030432041304130342011204220421043004320401042404010112
0401044001120432043101120430034204030410043104310410043001120414034204130401
0430043203420400034201410112023304210420040103440020042204210424043104310410
0431042104240112041403420431043104100430011203420432040304320401011203420112
0404040104200400042404010424041004310141011203210401043004310410034304320413
0432041401120402041004200410034304320430011204000410034404310432041401120401
0424042104300134011203420344011204100420043104010424040004320414002004110432
0430043104210112034404210420043004010423043203420431011204320431014101120320
0431011204010403040104310112043004010414011203440421042004330342041304130410
0430013401120413034204210424040104010431011204300401041401120430040104000134
0112043204130413034204140344042104240422040104240112042204320424043204300141
0020031304320430042204010420040004100430043004010112042204210431040104200431
0410014101120303043204200344011204020401042404140401042004310432041401120422
0421042404310342011204300432043003440410042204100431014100200020031404040401
0112034204200430043404010424011204100430021301120411042104300404043203420112
04340410043104040421043204310020
