0223024503000243030303010245005203120303005202420241031102450052013000530014
0204030303100245030100520253030403110313030100520244030303000303031000520311
0253031200520241030102450312011200520243030303020311024502430312024503120313
0310005202410244025303040253031102430253030202510052024503000253031201140052
0152031302530311005202430303030202510313024500520300025302420245031003030014
0311024503010112005203020303030200520243030303020314024103000300025303110052
0254031303110312030300520300024102430253030202530241005202410114005202150313
0311030402450302024402530311031102450052030503130253031100520300024102430313
0311005203020303030200520300025302510313030002410052024402410304025302420313
0311001403030310030202410310024501140052021203100303025303020052024402410304
0253024203130311005202430303030103010303024403030052024503110312005203110245
0244005202500245031302510253024103120114005202120245030003000245030203120245
0311030503130245005203140303030003130312030402410312011200520313031003020241
0052024100140311024503010304024503100052025103100241031402530244024101120052
0245031002410312005202450311031200520311024302450300024503100253031103050313
0245005202500245030002530311011200520241005203040303031003120312025303120303
0310005203000253025103130300024100520300024102430313031100520241024300520244
0253024103010114001402100313030003000241030100520314030303000313031203040241
0312005202410052024503000253031200520304030002410243024503100241031200520245
0251024503110312024103110114005202050241024502430245030202410311005203000241
0243025303020253024100520241030002530305031302450312005203040313031003130311
0052025302440014031103130311024302530304025303120114005202010302031202450251
0245031000520302030303020052030003130243031203130311005203020313030202430112
0052030503130253031100520245030002450301024503020312031303010052030302440253
0303011400520215024502440052031102450244005202450300025303120052025002410243
0253030002530311025303110112001403140245030202450302024103120253031100520302
0245030503130245005202450313011200520241031302430312030303100052024402530241
0301011400520151031002410311005202410243005202410243024303130301031102410302
0052030003030310024503010114005202120310030302530302005202450313005202440253
0251030202530311031102530301001402450310024103120114005202010302031202450251
0245031000520303031003020241031002450052030303100243025300520241031200520312
0303031003120303031000520310025203030302024303130311011200520253030203120245
0310024403130301005202450251024503110312024103110052030102410251030202410052
0244024103040253024203130311011400140210024103010052030002450243031203130311
0052024402530241030101120052025002410313024302530242031303110052030503130253
0311005202540313031103120303005202450313011200520311024102510253031203120253
0311005202410243024303130301031102410302005203030244025303030114005202120310
0303025303020052030403100245031202530313030100140313030003120310025302430245
0311005202450300025303120112005203130312005202530302031202450310024403130301
0052030102450312031303110052031002520303030202430313031100520253024401140052
0222025303140241030103130311005202420253024202450302024403130301005203000245
0303005203010253011200520253030200140304024503000300024503020312024503110305
0313024500520301025300520313030003120310025302430245031100520305031302530311
0114005202100313030202430052025303020052031102410251025303120312025303110052
0301024103130310025303110112005203020303030200520250024503130251025302410312
0052031203130310030402530311011400140205024103130310025303110052024402410304
0253024203130311005202530302005203020313030202430052024100520304031303000314
0253030202410310011400140014021002410301005202530301030402450310024402530245
0312005202540313031103120303005203110243024503000245031002530311030503130245
0052030202530311025300520243030303020311024502430312024503120313031000520304
0313030003140253030202410310005202410243005202530302005203000253024202450310
0303011400520153031202530241030100140244025302410301005203010253011200520314
0303030003130312030402410312005202410243005203140253031402450310031002410052
0242025302420245030202440313030101120052024502510245031103120241031100520314
0245030000520303024402530303011400520152030303020245024300520311024502440052
0314025303140245031003100241001402410313025103130245011400520145030002530305
0313024103010052024503100241031200520314030303000313031203040241031201140052
0151031002410311005203130312005203020253031103000052025302440052031202450300
0300031303110052024103000253030503130245031200520244024103040253024203130311
0114005202120310030302530302001403010241030002450311031302410244024100520302
0253024202520052031402530312024102450052030102410311031102410052031202450301
0304031303110052030402520241031002450312031002410114005201520313025303110052
0241031002430313005203020313030202430112005202500245031003010245030203120313
0301005203110303024402410300024503110014024402410304025302420313031100520245
0251024503120112005203000303024203030310031202530311005203140245030000520302
0253031103000114005202210312005202450251024503110312024103110052025303020312
0245031002440313030100520305031302410301005203110253031200520241030102450312
0052025002410243025303000253031102530311011400140215031303110304024503020244
0253031103110245005203040303031003120241005203100313031203100313030100520302
0253031102530052024503130052031102450301030402450310011400520215031303110304
0245030202440253031103110245005202450312005202510310024103140253024402410052
0253030403110313030101140052015203030302024502430014030102410312031202530311
0052030203030302005203000253025103130300024100520305031302530311005202420253
0242024503020244031303010114005202220253031402410301031303110052031102450244
0052024202530242024503020244031303010052030002450243031203130311011400520213
0313025303110305031302450052024503020253030100140301024103110311024101120052
0243030303020311024502430312024503120313031000520302030303020052030403030311
0313024503100245005202450312011200520250024102430253030002530311025303110052
0241030002530305031302450312005203000245030301140052021202450300030002450302
0312024503110305031302450014030102410300024503110313024102440241011200520244
0303030003030310005202530244005202450251024503110312024103110052024303030301
0301030302440303011200520311024103040253024503020052031303100302024100520310
0252030303020243031303110052030203130300030002410112005202410243005202500253
0302025302420313031100140314024503000253031200520302025303110253005202530244
0052025303040311031303010114001400140215024502440052025303020052024503110312
0052025003100253030202510253030003000241011200520241024302430313030103110241
0302005203000245030300520245031301120052030102410312031202530311005203020253
0311030001140052021003130300030002410301005203020245024300520314025303140245
0310031002410052030202450305031302450114001402120245030003000245030203120245
0311030503130245005203140245030000520301025300520244024103040253024203130311
0112005202420300024103020244025303120052024503110312005203110253031200520241
0301024503120112005203100313031203100313030100520244030303000303031001140052
0152030303020245024300520300024102430253030202530241001402450313025303110301
0303024400520305031302410301005203130312005203110303024402410300024503110114
0052020103020312024502510245031000520314024502520253024303130300024100520310
0253031103130311005203110253031200520241030102450312005202450300025303120052
0312024503010304030303100112005203020303030200140243030303020251031302450052
0244031302530052030003030242030303100312025303110114005202040303031002450301
0052025303040311031303010052024403030300030303100052031102530312005202410301
0245031201120052024303030302031102450243031202450312031303100052024102440253
0304025303110243025303020251005202450300025303120114001401450245030202450241
0302005203110243024503000245031002530311030503130245005203100253031103130311
0052030403130300031402530302024103100052031202530302024302530244031303020312
0052031402450311031202530242031303000313030101140052021003130300030002410052
0302031303020243005203100253031103130311011200140300031302430312031303110052
0245025102450312005203130310030202410052024102430112005202530241024303130300
0253031100520303031003020241031002450052024103020312024501140052021303130253
0311030503130245005202410312005203130300030002410301024303030310030402450310
0052030102410251030202410114005202210312005202450312001403110241025102530312
0312025303110052025303040311031303010112005203020303030200520301024103200253
0301031303110052025303040311031303010114005201520303030202450243005202500241
0243025303000253031102530311005202410313025103130245005203110253031200520241
0301024503120052024303030302031102450305031302410312001402430303030202510313
0245011400520210031303000300024100520245025102450311031202410311005203000253
0251031303000241005203000253025103130300024101120052024102430052030102410312
0312025303110052024503020253030100520243030303010301030302440303005203110245
0244011400140014015103100241031100520241005203000303031002450301005203020253
0242025201140052021003130300030002410301005202500245031003010245030203120313
0301005202430303030203110245030503130241031200520250024503100301024503020312
0313030101140052021502450244005202410243024303130301031102410302005202530302
0052031402450300025303120014024503130052031203100253031103120253030503130245
0114005201520313025303110052024103000253030503130241030100520245031103120052
0302031303000300024101120052031402530312024102450052030103030300030002530311
0052031303100302024100520301030303000300025303110052030202450243011400520212
0252024103110245030003000313031100140253030200520300024502430312031303110052
0303031002430253011400520201030203120245031002440313030100520245031200520301
0241030002450311031302410244024100520250024103010245031100520241024300520241
0302031202450052025303040311031303010052030403100253030102530311005202530302
0052025002410313024302530242031303110114001402100313030003000241030100520314
0253031202410245005203040300024102430245031002410312005203120303031003120303
0310011400520201030200520311025303120052024103010245031200520300024102430313
0311005202450300024502530250024503020244005203000253025103130300024100520304
0310024503120253031303010014030403100245031202530313030101140014001402120252
0241031102450300030003130311005203140241031002530313031100520242025302420245
0302024403130301005203020313030202430052030003130243031203130311005202420300
0241030202440253031201140052021502450244005203130300031203100253024302450311
0052031102450301005203140245030002530312011200520302030303020014024502510245
0311031202410311005203100253031103130311005203110313031102430253030402530312
0052024503130114005202100313030003000241005203040303031103130245031002450052
0245032000520313031200520311024102510253031203120253031100520301024103000245
0311031302410244024101140052015203030302024502430014030403030310031203120253
0312030303100052030102410312031202530311005202410313025103130245005202410052
0252024503020244031002450310025303120114005202220245031103120253024203130300
0313030100520250025303020253024203130311005202440253024303120313030100520245
0310030303110112005202410243005202530302031202450310024403130301001402540313
0311031203030052024303030302031102450305031302410312005203130312011400520221
0312005202450251024503120052031102450301005202430303030203140241030003000253
0311011200520300024103030310024502450312005203110245030100520311024502440112
0052031303000300024103010243030303100304024503100052030403130310031303110114
0014021503130311030402450302024402530311031102450052030403030312024503020312
0253011400520210031303020243005202500245031003010245030203120313030100520304
0303031003120241005203110313031102430253030402530312011400140014022002520245
0052024103020311031502450310005202530311013400520312025202530243025503020245
03110311005202430303030202440253031202530303030203110014
