1113121112301203123312311211020013101233020012021201130312110200031002010022
1030123313021211123102001221130013031311123102001210123312301233130202001303
1221131002001201123112111310023002001203123312321303121112031310121113101311
1302020012011210122113001221130312031221123212130200121112301221131002320200
1010131112211303020012031233123212131311121102001230122112021211130212330022
1303121112310230020012321233123202001203123312321312120112301230122113030200
1222131113031310123302001230120112031221123212211201020012010232020011031311
1303130012111232121012211303130312110200130113111221130302001230120112031311
1303020012321233123202001230122112131311123012010200121012011300122112021311
1303002212331302123212011302121102320200110013021233122112320200121012011300
1221120213111303020012031233123112311233121012330200121113031310020013031211
1210020012121211131112131221120113100232020011001211123012301211123213101211
1303130113111211020013121233123013111310130012011310023002001311130212321201
0200120100221303121112311300121113020200121313021201131212211210120102300200
1211130212011310020012111303131002001303120312111230121113021221130313011311
1211020012121211123012211303023002001201020013001233130213101310122113101233
1302020012301221121313111230120102001230120112031311130302001201120302001210
1221120112310232002210321311123012301201123102001312123312301311131013001201
1310020012010200121112301221131002001300123012011203121113021201131002001211
1213121113031310120113030232020010311201121112031211123212011303020012301201
1203122112321221120102001201123012211301131112111310020013001311130213111303
0200122112100022130313111303120312211300122113100232020010211232131012111213
1211130202001232123312320200123013111203131013111303020012321311123212030230
0200130113111221130302001211123012111231121112321310131112310200123312101221
1233023202001103121112100200130312111210020012111230122113100200121212011203
1221123012211303122113030230002213121211123212111232120113101221130302001232
1211130113111211020012111311023002001201131112031310123313020200121012211201
1231023202001003130212011303020012011203020012011203120313111231130312011232
0200123012331302121112310232020011001302123312211232020012111311020012101221
1213123212211303130312211231002212111302120113100232020010211232131012111213
1211130202001233130212321201130212110200123313021203122102001201131002001310
1233130213101233130202001302122012331232120313111303023002001221123213101211
1302121013111231020012111213121113031310120113030200123112011213123212010200
1210120113001221120213111303023200221032120112310200123012111203131013111303
0200121012211201123102300200121212011311120312211202131113030200130113111221
1303020012221311130313101233020012111311023002001303120112131221131013101221
1303020012011203120313111231130312011232020012331210122112330232020011001302
1233122112320200130013021211131012211311123100221311123013101302122112031211
1303020012111230122113100230020013111310020012211232131012111302121013111231
0200123112111310131113030200130212201233123212031311130302001221121002320200
1112122113121201123113111303020012021221120212111232121013111231020012301211
1233020012311221023002001221123200221300121112301230121112321310121113031301
1311121102001231122102001311123013101302122112031211130302001301131112211303
0232020010321311123212030200122112320200130312011213122113101310122113030200
1231120113111302122113030230020012321233123202001212121113111213122112011310
0200131013111302130012211303023200221031120113111302122113030200121012011300
1221120213111303020012211232020012321311123212030200120102001300131112301312
1221123212011302023200220022103212011231020012211231130012111302121012211211
1310020012221311130313101233020013031203121112301211130212211303130113111211
0200123212211303122102001203123312321303121112031310121113101311130202001300
1311123013121221123212011302020012011203020012211232020012301221120212111302
1233023202001011131012211201123100221210122112011231020012311221023002001312
1233123013111310130012011310020012011203020013121221131212111302130212010200
1202122112021211123212101311123102300200121112131211130313101201130302001312
1211123002001233121012211233023202001010123312321211120302001303121112100200
1312122113121211130213021201002212011311121313111211023202001001123012211301
1311120112310200121113021201131002001312123312301311131013001201131002320200
1003130212011303020013111310020012321221130312300200122112100200131012111230
1230131113030200120112301221130113111211131002001210120113001221120213111303
0232020011001302123312211232002212311201123012111303131112011210120102001232
1221120212200200131212211310120112110200123112011303130312010200131012111231
1300131113030200130012201201130212111310130212010232020010101311122113030200
1201130212031311020012321311123212030230020012121211130212311211123213101311
1231020013031233121012011230121113030022121012011300122112021311130302001211
1213121113100230020012301233120212331302131012211303020013121211123002001232
1221130312300232020011111310020012111213121113031310120113030200122112321310
1211130212101311123102001301131112011231020013031221131002001201123112111310
0200121212011203122112301221130312211303023200221103131113031300121112321210
1221130313031211020013001233130213101201020013021311131013021311123102001232
1221130312210200121113110200130312111231130012111302023202001103131113031300
1211123212101221130313031211020012111310020012131302120113121221121012010200
1221130013031311123102320200101012331232121112030022123112011310131012211303
0200123212331232020012301221121313111230120102001301131112211303020012021221
1202121112321210131112310232020011121221131212011231131113030200130312111210
0200120212211202121112321210131112310200123012111203131013111303023202001101
1311122113031301131112110200121112321221123100221231120113031303120102300200
1203123312321303121112031310121113101311130202001232123312320200130012331303
1311121113021211020012111310023002001212120112031221123012211303122113030200
1201123012211301131112111310020012301211123302320200110012111230123012111232
1310121113031301131112110022123112011230121113031311120112101201023002001210
1233123012331302020012211210020012111213121113031310120113030200120312331231
1231123312101233023002001303120113001221121112320200131113021232120102001302
1220123312321203131113030200123213111230123012010230020012011203020012121221
1232122112021311130300221312121112301221131002001232122113031221020012211210
0200122113001303131112310232002200221103121112100200122112320200121113031310
0200121213021221123212131221123012301201023002001201120312031311123113031201
1232020012301211123302001211131102300200123112011310131012211303020012321221
1303123002320200103213111230123012011231020012321211120302001312122113121211
1302130212010200123212111301131112110232002211001211123012301211123213101211
1303130113111211020013121211123002001231122102001210120113001221120213111303
0230020012021230120112321210122113100200121113031310020013031221131002001201
1231121113100230020013021311131013021311123102001210123312301233130202320200
1010123312321211120302001230120112031221123212211201002212111311122113031231
1233121002001301131112011231020013111310020013031233121012011230121113030232
0200102112321310121112131211130202001312121112201221120313111230120102001302
1221130313111303020013031221131002001201123112111310020012111230122113100200
1310121112311300123313020230020012321233123200221203123312321213131112110200
1210131112210200123012331202123313021310122113030232020010301233130212111231
0200122113001303131112310200121012331230123313020200130312211310020012011231
1211131002300200120312331232130312111203131012111310131113020200120112101221
1300122113031203122112321213020012111230122113100232002210011211123212111201
1232020013031203121112301211130212211303130113111211020013021221130313111303
0200130013111230131212211232120113020200131012211232120312211210131112321310
0200131212111303131012211202131112301311123102320200103213111230123012010200
1232131112321203020013021221130313111303023000221230131112031310131113030200
1211121312111310020013111302123212010200120112030230020012211201120313111230
1221130302001233130212321201130212110200120112321310121102320200110113111221
1303130113111211020012011310020013111230123012011231120312331302130012111302
0200123112011213123212010232020011111310020012111310002213031201121312211310
1310122113030200122113001303131112310230020012321233123202001231120113201221
1231131113030200122113001303131112310232020010101233123212111203020012121201
1203122112301221130312211303020012011311121313111211020013031221131002001201
1231121113100200120312331232130312111301131112011310002212031233123212131311
1211023202001032131112301230120102001211121312111303131012011303020012301221
1213131112301201020012301221121313111230120102300200120112030200123112011310
1310122113030200121112321221123102001203123312311231123312101233020013031211
1210023200220022100313021201130302001201020012301233130212111231020012321221
1202122002320200103213111230123012011231020012121211130212311211123213101311
1231020012031233123213031211130113111201131002001212121113021231121112321310
1311123102320200110312111210020012011203120313111231130312011232020012211232
0200131212111230122113100022121113110200131013021221130313101221130113111211
0232020010101311122113030200120112301221130113111201123102001211130313100200
1232131112301230120102300200131212211310120112110200123112331230123012211303
0200131113021232120102001231123312301230122113030200123212111203023202001100
1220120113031211123012301311130300221221123202001230121112031310131113030200
1233130212031221023202001021123213101211130212101311123102001211131002001231
1201123012111303131112011210120102001212120112311211130302001201120302001201
1232131012110200122113001303131112310200130013021221123112211303020012211232
0200121212011311120312211202131113030232002210321311123012301201123102001312
1221131012011211020013001230120112031211130212011310020013101233130213101233
1302023202001021123202001303122113100200120112311211131002001230120112031311
1303020012111230121112211212121112321210020012301221121313111230120102001300
1302121113101221131112310022130013021211131012211311123102320022002211001220
1201130312111230123013111303020013121201130212211311130302001202122112021211
1232121013111231020012321311123212030200123013111203131013111303020012021230
1201123212101221131002320200110312111210020013111230131013021221120312111303
0200130312111231020013121211123012211310023002001232123312320022121112131211
1303131012011303020013021221130313111303020013031311130312031221130012211310
0200121113110232020010321311123012301201020013001233130313111211130212110200
1211132002001311131002001303120112131221131013101221130302001231120112301211
1303131112011210120102320200101012331232121112030022130012331302131013101221
1310123313020200123112011310131012211303020012011311121313111211020012010200
1220121112321210130212111302122113100232020011121211130313101221120213111230
1311123102001212122112321221120213111303020012101221120313101311123102001211
1302123313030230020012011203020012211232131012111302121013111231002212221311
1303131012330200120312331232130312111301131112011310020013111310023202001111
1310020012111213121113100200130312111231020012031233123213121201123012301221
1303023002001230120112331302121112111310020013031211123102001303121112100230
0200131112301230120112311203123313021300121113020200130013111302131113030232
0022110313111303130012111232121012211303130312110200130012331310121112321310
1221023202001032131112321203020012121211130212311211123213101311123102001300
1233130213101201020013031311130312031221130012211310023200220022111012201211
0200120112321303131312111302020012211303032202001313122112101310122002001310
130212111201130313111302121113030022
